classe : [>50K]
education : [Masters, Prof-school, Assoc-voc, Assoc-acdm, Bachelors, Doctorate]
occupation : [Prof-specialty, Adm-clerical, ?]
hoursPerWeek : [99, 55, 45, 12, 24, 35, 36, 15, 48, 16, 28, 5, 90, 8, 60, 50, 40, 30, 20, 31, 10, 65, 21, 32]
race : [Asian-Pac-Islander, White, Black]
sex : [Female]
educationNum : [11, 12, 13, 14, 15, 16]
capitalLoss : [0]
fnlwgt : [183125, 188537, 157999, 32719, 126847, 194259, 55567, 272476, 191149, 196797, 139770, 242832, 159008, 153788, 598995, 169324, 310049, 357145, 171888, 421228, 156261, 176410, 148380, 425444, 205816, 240628, 169760, 201697, 187385, 402363, 226878, 165160, 385177, 176566, 63081, 42972, 160812, 110110, 117310, 251521, 143774, 54422, 150104, 342510, 452402, 101016, 31606, 141118, 116580, 212252, 590204, 130078, 165219, 166822, 165215, 350131, 109351, 98644, 355700, 86308, 272792, 276759, 110075, 47178, 107845, 349534, 154430, 95246, 216068, 125550, 405284, 127573, 121622, 344519, 249039, 144401, 113211, 169926, 123809, 139347, 183739, 213225, 165517, 128016, 99357, 256970, 115336, 45937, 127441, 147099, 96480, 205100, 629900, 50934, 86150, 369188, 211231, 318351, 215392, 185053, 181372, 98010, 145242, 266803, 97680, 122412, 174215, 277777, 143851, 38434, 88215, 169708, 161309, 191573]
nativeCountry : [Canada, Philippines, United-States, England, Jamaica, Germany, ?]
workclass : [Self-emp-inc, Federal-gov, Local-gov, Private, Self-emp-not-inc, State-gov, ?]
capitalGain : [0, 9386, 7298, 7430, 5178, 15024, 4386, 7688, 3103, 99999]
relationship : [Wife, Unmarried, Other-relative]
age : [44, 45, 46, 24, 25, 47, 48, 26, 49, 27, 28, 50, 51, 73, 52, 30, 31, 53, 32, 54, 33, 55, 34, 35, 57, 36, 37, 38, 39, 40, 41, 42, 64, 43]
maritalStatus : [Married-spouse-absent, Married-civ-spouse, Married-AF-spouse]
