classe : [>50K]
education : [Masters, Prof-school, 12th, Assoc-voc, Assoc-acdm, Preschool, Bachelors, HS-grad, Some-college, 9th, Doctorate]
occupation : [Craft-repair, Sales, Farming-fishing, Prof-specialty, Tech-support, Exec-managerial, Machine-op-inspct, Other-service, Adm-clerical, Transport-moving]
hoursPerWeek : [55, 99, 33, 45, 35, 36, 48, 38, 16, 39, 4, 80, 70, 60, 50, 40, 62, 63, 30, 86, 20, 65]
race : [Amer-Indian-Eskimo, Asian-Pac-Islander, White, Black, Other]
sex : [Male]
educationNum : [11, 12, 1, 13, 14, 15, 16, 5, 8, 9, 10]
capitalLoss : [0, 2559, 2258, 2444, 1564, 3004, 2231, 2472, 2282, 2824]
fnlwgt : [110028, 163756, 207540, 239130, 134639, 227796, 148995, 193602, 173832, 176026, 49398, 276559, 367209, 302661, 33658, 28171, 267799, 516701, 135339, 156897, 211494, 160594, 171926, 127651, 163581, 319303, 337995, 143078, 765214, 195634, 194668, 124015, 272742, 213668, 241350, 94869, 139268, 33404, 34218, 132476, 106662, 244668, 178353, 181200, 237258, 100285, 72630, 200766, 217480, 207685, 220896, 317733, 131826, 200400, 98980, 152519, 76044, 417543, 195844, 188242, 256764, 126701, 116993, 604045, 173854, 147206, 86643, 215458, 155981, 248919, 101020, 106159, 112497, 26543, 194804, 187830, 224566, 330535, 74263, 22743, 225267, 366425, 455995, 170174, 66893, 260052, 416506, 244246, 188615, 263444, 298945, 189702, 217380, 128392, 336624, 288907, 172822, 125831, 172787, 27166, 252662, 155781, 265072, 199083, 176185, 215895, 352045, 92374, 188861, 226894, 168038, 170993, 54164, 177828, 253003, 94706, 213226, 220979, 43479, 182856, 135388, 37232, 147098, 209146, 222756, 30840, 246891, 252242, 115222, 144778, 181091, 101563, 174102, 100079, 46221, 113045, 130540, 322691, 186826, 344060, 181132, 85109, 277256, 230883, 152328, 29974, 203051, 139364, 144949]
nativeCountry : [Canada, China, Ireland, United-States, Mexico, India, Puerto-Rico, ?]
workclass : [Self-emp-inc, Local-gov, Federal-gov, Private, Self-emp-not-inc, State-gov]
capitalGain : [15020, 6097, 14084, 27828, 7430, 13550, 99999, 25124, 25236, 0, 15831, 4787, 14344, 8614, 10520, 4934, 11678]
relationship : [Own-child, Not-in-family, Unmarried]
age : [22, 44, 66, 23, 67, 45, 46, 24, 68, 47, 25, 26, 48, 49, 27, 28, 29, 90, 50, 72, 51, 30, 52, 74, 53, 75, 32, 54, 55, 77, 33, 34, 56, 35, 36, 37, 59, 38, 39, 61, 40, 85, 63, 41, 42, 64, 43]
maritalStatus : [Divorced, Married-spouse-absent, Widowed, Separated, Never-married]
